19951207.120000     10.328   -3.018   97.709    9.595
19951207.120200     10.302   -3.010   98.808    9.603
19951207.120400     10.277   -3.001   99.906    9.610
19951207.120600     10.251   -2.993  101.004    9.618
19951207.120800     10.225   -2.984  102.101    9.625
19951207.121000     10.199   -2.975  103.197    9.633
19951207.121200     10.174   -2.967  104.293    9.640
19951207.121400     10.148   -2.958  105.389    9.648
19951207.121600     10.122   -2.949  106.484    9.655
19951207.121800     10.096   -2.941  107.578    9.663
19951207.122000     10.071   -2.932  108.672    9.671
19951207.122200     10.045   -2.923  109.765    9.678
19951207.122400     10.019   -2.914  110.857    9.686
19951207.122600      9.993   -2.905  111.949    9.694
19951207.122800      9.967   -2.896  113.041    9.702
19951207.123000      9.942   -2.886  114.131    9.710
19951207.123200      9.916   -2.877  115.222    9.717
19951207.123400      9.890   -2.868  116.311    9.725
19951207.123600      9.864   -2.858  117.400    9.733
19951207.123800      9.838   -2.849  118.488    9.742
19951207.124000      9.812   -2.840  119.576    9.750
19951207.124200      9.786   -2.830  120.663    9.758
19951207.124400      9.760   -2.820  121.749    9.766
19951207.124600      9.735   -2.811  122.835    9.774
19951207.124800      9.709   -2.801  123.920    9.782
19951207.125000      9.683   -2.791  125.004    9.791
19951207.125200      9.657   -2.781  126.088    9.799
19951207.125400      9.631   -2.771  127.171    9.807
19951207.125600      9.605   -2.761  128.253    9.816
19951207.125800      9.579   -2.751  129.335    9.824
19951207.130000      9.553   -2.741  130.415    9.833
19951207.130200      9.527   -2.731  131.496    9.842
19951207.130400      9.501   -2.720  132.575    9.850
19951207.130600      9.475   -2.710  133.654    9.859
19951207.130800      9.449   -2.700  134.732    9.868
19951207.131000      9.423   -2.689  135.810    9.876
19951207.131200      9.397   -2.678  136.886    9.885
19951207.131400      9.371   -2.668  137.962    9.894
19951207.131600      9.345   -2.657  139.037    9.903
19951207.131800      9.319   -2.646  140.112    9.912
19951207.132000      9.293   -2.635  141.186    9.921
19951207.132200      9.267   -2.624  142.258    9.930
19951207.132400      9.241   -2.613  143.331    9.939
19951207.132600      9.215   -2.602  144.402    9.948
19951207.132800      9.189   -2.591  145.473    9.957
19951207.133000      9.163   -2.580  146.542    9.967
19951207.133200      9.137   -2.568  147.612    9.976
19951207.133400      9.111   -2.557  148.680    9.985
19951207.133600      9.085   -2.545  149.747    9.995
19951207.133800      9.059   -2.533  150.814   10.004
19951207.134000      9.033   -2.522  151.880   10.014
19951207.134200      9.007   -2.510  152.945   10.024
19951207.134400      8.981   -2.498  154.009   10.033
19951207.134600      8.955   -2.486  155.072   10.043
19951207.134800      8.929   -2.474  156.135   10.053
19951207.135000      8.903   -2.462  157.196   10.062
19951207.135200      8.877   -2.449  158.257   10.072
19951207.135400      8.851   -2.437  159.317   10.082
19951207.135600      8.825   -2.425  160.376   10.092
19951207.135800      8.798   -2.412  161.434   10.102
19951207.140000      8.772   -2.400  162.491   10.112
19951207.140200      8.746   -2.387  163.547   10.123
19951207.140400      8.720   -2.374  164.603   10.133
19951207.140600      8.694   -2.361  165.657   10.143
19951207.140800      8.668   -2.348  166.711   10.154
19951207.141000      8.642   -2.335  167.763   10.164
19951207.141200      8.616   -2.322  168.815   10.174
19951207.141400      8.590   -2.309  169.866   10.185
19951207.141600      8.564   -2.295  170.915   10.196
19951207.141800      8.538   -2.282  171.964   10.206
19951207.142000      8.511   -2.268  173.012   10.217
19951207.142200      8.485   -2.254  174.059   10.228
19951207.142400      8.459   -2.241  175.105   10.239
19951207.142600      8.433   -2.227  176.149   10.250
19951207.142800      8.407   -2.213  177.193   10.261
19951207.143000      8.381   -2.199  178.236   10.272
19951207.143200      8.355   -2.184  179.278   10.283
19951207.143400      8.329   -2.170  180.318   10.294
19951207.143600      8.303   -2.156  181.358   10.305
19951207.143800      8.277   -2.141  182.396   10.317
19951207.144000      8.250   -2.127  183.434   10.328
19951207.144200      8.224   -2.112  184.470   10.340
19951207.144400      8.198   -2.097  185.506   10.351
19951207.144600      8.172   -2.082  186.540   10.363
19951207.144800      8.146   -2.067  187.573   10.375
19951207.145000      8.120   -2.052  188.605   10.387
19951207.145200      8.094   -2.036  189.636   10.398
19951207.145400      8.068   -2.021  190.665   10.410
19951207.145600      8.042   -2.005  191.694   10.422
19951207.145800      8.016   -1.989  192.721   10.434
19951207.150000      7.990   -1.974  193.747   10.447
19951207.150200      7.964   -1.958  194.772   10.459
19951207.150400      7.938   -1.942  195.796   10.471
19951207.150600      7.911   -1.925  196.818   10.484
19951207.150800      7.885   -1.909  197.840   10.496
19951207.151000      7.859   -1.893  198.860   10.509
19951207.151200      7.833   -1.876  199.879   10.522
19951207.151400      7.807   -1.859  200.896   10.534
19951207.151600      7.781   -1.842  201.912   10.547
19951207.151800      7.755   -1.825  202.927   10.560
19951207.152000      7.729   -1.808  203.941   10.573
19951207.152200      7.703   -1.791  204.953   10.586
19951207.152400      7.677   -1.774  205.964   10.599
19951207.152600      7.651   -1.756  206.974   10.613
19951207.152800      7.625   -1.738  207.982   10.626
19951207.153000      7.599   -1.721  208.989   10.639
19951207.153200      7.573   -1.703  209.995   10.653
19951207.153400      7.547   -1.685  210.999   10.667
19951207.153600      7.521   -1.666  212.002   10.680
19951207.153800      7.496   -1.648  213.003   10.694
19951207.154000      7.470   -1.629  214.003   10.708
19951207.154200      7.444   -1.611  215.002   10.722
19951207.154400      7.418   -1.592  215.999   10.736
19951207.154600      7.392   -1.573  216.994   10.751
19951207.154800      7.366   -1.554  217.988   10.765
19951207.155000      7.340   -1.534  218.981   10.779
19951207.155200      7.314   -1.515  219.972   10.794
19951207.155400      7.289   -1.495  220.961   10.809
19951207.155600      7.263   -1.475  221.949   10.823
19951207.155800      7.237   -1.455  222.935   10.838
19951207.160000      7.211   -1.435  223.920   10.853
19951207.160200      7.185   -1.415  224.903   10.868
19951207.160400      7.160   -1.394  225.884   10.883
19951207.160600      7.134   -1.374  226.864   10.899
19951207.160800      7.108   -1.353  227.843   10.914
19951207.161000      7.082   -1.332  228.819   10.929
19951207.161200      7.057   -1.311  229.794   10.945
19951207.161400      7.031   -1.289  230.767   10.961
19951207.161600      7.005   -1.268  231.738   10.977
19951207.161800      6.980   -1.246  232.708   10.993
19951207.162000      6.954   -1.224  233.676   11.009
19951207.162200      6.929   -1.202  234.642   11.025
19951207.162400      6.903   -1.180  235.606   11.041
19951207.162600      6.878   -1.158  236.569   11.058
19951207.162800      6.852   -1.135  237.530   11.074
19951207.163000      6.827   -1.112  238.488   11.091
19951207.163200      6.801   -1.089  239.445   11.108
19951207.163400      6.776   -1.066  240.400   11.125
19951207.163600      6.750   -1.043  241.354   11.142
19951207.163800      6.725   -1.019  242.305   11.159
19951207.164000      6.700   -0.995  243.254   11.176
19951207.164200      6.674   -0.971  244.201   11.194
19951207.164400      6.649   -0.947  245.147   11.211
19951207.164600      6.624   -0.923  246.090   11.229
19951207.164800      6.598   -0.898  247.031   11.247
19951207.165000      6.573   -0.873  247.970   11.265
19951207.165200      6.548   -0.848  248.908   11.283
19951207.165400      6.523   -0.823  249.843   11.301
19951207.165600      6.498   -0.797  250.776   11.319
19951207.165800      6.473   -0.772  251.706   11.338
19951207.170000      6.448   -0.746  252.635   11.357
19951207.170200      6.423   -0.720  253.561   11.376
19951207.170400      6.398   -0.693  254.486   11.395
19951207.170600      6.373   -0.667  255.408   11.414
19951207.170800      6.348   -0.640  256.328   11.433
19951207.171000      6.323   -0.613  257.245   11.452
19951207.171200      6.298   -0.586  258.160   11.472
19951207.171400      6.273   -0.558  259.073   11.492
19951207.171600      6.249   -0.530  259.984   11.512
19951207.171800      6.224   -0.502  260.892   11.532
19951207.172000      6.199   -0.474  261.798   11.552
19951207.172200      6.175   -0.446  262.701   11.572
19951207.172400      6.150   -0.417  263.602   11.593
19951207.172600      6.126   -0.388  264.500   11.613
19951207.172800      6.101   -0.359  265.396   11.634
19951207.173000      6.077   -0.330  266.290   11.655
19951207.173200      6.053   -0.300  267.181   11.677
19951207.173400      6.028   -0.270  268.069   11.698
19951207.173600      6.004   -0.240  268.955   11.719
19951207.173800      5.980   -0.209  269.838   11.741
19951207.174000      5.956   -0.178  270.719   11.763
19951207.174200      5.931   -0.147  271.597   11.785
19951207.174400      5.907   -0.116  272.472   11.807
19951207.174600      5.883   -0.084  273.346   11.830
19951207.174800      5.859   -0.051  274.218   11.852
19951207.175000      5.835   -0.019  275.088   11.875
19951207.175200      5.811    0.014  275.957   11.897
19951207.175400      5.787    0.048  276.822   11.920
19951207.175600      5.763    0.081  277.685   11.943
19951207.175800      5.740    0.115  278.545   11.967
19951207.180000      5.716    0.150  279.402   11.990
19951207.180200      5.692    0.184  280.257   12.014
19951207.180400      5.669    0.219  281.108   12.038
19951207.180600      5.645    0.254  281.956   12.062
19951207.180800      5.622    0.289  282.802   12.086
19951207.181000      5.599    0.324  283.644   12.110
19951207.181200      5.576    0.360  284.484   12.135
19951207.181400      5.553    0.396  285.320   12.160
19951207.181600      5.530    0.433  286.153   12.185
19951207.181800      5.507    0.469  286.983   12.210
19951207.182000      5.484    0.506  287.810   12.236
19951207.182200      5.461    0.543  288.634   12.261
19951207.182400      5.438    0.581  289.454   12.287
19951207.182600      5.416    0.619  290.272   12.313
19951207.182800      5.393    0.657  291.086   12.340
19951207.183000      5.371    0.695  291.896   12.366
19951207.183200      5.348    0.734  292.704   12.393
19951207.183400      5.326    0.773  293.507   12.420
19951207.183600      5.304    0.812  294.308   12.447
19951207.183800      5.282    0.851  295.105   12.475
19951207.184000      5.260    0.891  295.899   12.502
19951207.184200      5.238    0.931  296.689   12.530
19951207.184400      5.216    0.972  297.476   12.558
19951207.184600      5.195    1.012  298.259   12.587
19951207.184800      5.173    1.053  299.038   12.615
19951207.185000      5.152    1.094  299.814   12.644
19951207.185200      5.130    1.136  300.587   12.673
19951207.185400      5.109    1.178  301.355   12.703
19951207.185600      5.088    1.220  302.120   12.732
19951207.185800      5.067    1.262  302.882   12.762
19951207.190000      5.046    1.305  303.639   12.792
19951207.190200      5.026    1.347  304.393   12.823
19951207.190400      5.005    1.391  305.143   12.853
19951207.190600      4.984    1.434  305.890   12.884
19951207.190800      4.964    1.478  306.632   12.915
19951207.191000      4.944    1.522  307.371   12.946
19951207.191200      4.924    1.566  308.106   12.978
19951207.191400      4.904    1.610  308.836   13.010
19951207.191600      4.884    1.655  309.563   13.042
19951207.191800      4.864    1.700  310.286   13.075
19951207.192000      4.845    1.745  311.006   13.107
19951207.192200      4.826    1.790  311.721   13.140
19951207.192400      4.806    1.836  312.432   13.173
19951207.192600      4.787    1.882  313.139   13.207
19951207.192800      4.768    1.928  313.842   13.240
19951207.193000      4.750    1.974  314.541   13.274
19951207.193200      4.731    2.020  315.236   13.309
19951207.193400      4.713    2.067  315.927   13.343
19951207.193600      4.694    2.114  316.614   13.378
19951207.193800      4.676    2.161  317.296   13.413
19951207.194000      4.658    2.208  317.975   13.448
19951207.194200      4.641    2.256  318.650   13.484
19951207.194400      4.623    2.303  319.320   13.520
19951207.194600      4.606    2.351  319.986   13.556
19951207.194800      4.588    2.399  320.649   13.593
19951207.195000      4.571    2.447  321.307   13.629
19951207.195200      4.554    2.495  321.960   13.666
19951207.195400      4.538    2.543  322.610   13.704
19951207.195600      4.521    2.591  323.256   13.741
19951207.195800      4.505    2.640  323.897   13.779
19951207.200000      4.489    2.688  324.535   13.817
19951207.200200      4.473    2.737  325.168   13.856
19951207.200400      4.458    2.786  325.797   13.894
19951207.200600      4.442    2.834  326.422   13.933
19951207.200800      4.427    2.883  327.043   13.972
19951207.201000      4.412    2.932  327.660   14.012
19951207.201200      4.397    2.981  328.273   14.052
19951207.201400      4.383    3.030  328.882   14.092
19951207.201600      4.368    3.078  329.486   14.132
19951207.201800      4.354    3.127  330.087   14.172
19951207.202000      4.340    3.176  330.684   14.213
19951207.202200      4.327    3.225  331.277   14.254
19951207.202400      4.313    3.273  331.865   14.296
19951207.202600      4.300    3.322  332.450   14.337
19951207.202800      4.287    3.370  333.032   14.379
19951207.203000      4.275    3.418  333.609   14.421
19951207.203200      4.262    3.466  334.183   14.464
19951207.203400      4.250    3.514  334.752   14.506
19951207.203600      4.238    3.562  335.319   14.549
19951207.203800      4.227    3.610  335.881   14.592
19951207.204000      4.215    3.657  336.440   14.635
19951207.204200      4.204    3.705  336.995   14.679
19951207.204400      4.193    3.752  337.547   14.723
19951207.204600      4.183    3.798  338.096   14.767
19951207.204800      4.172    3.845  338.641   14.811
19951207.205000      4.162    3.891  339.182   14.856
19951207.205200      4.153    3.937  339.721   14.900
19951207.205400      4.143    3.982  340.256   14.945
19951207.205600      4.134    4.028  340.788   14.990
19951207.205800      4.125    4.072  341.317   15.036
19951207.210000      4.117    4.117  341.844   15.081
19951207.210200      4.108    4.161  342.367   15.127
19951207.210400      4.100    4.204  342.887   15.173
19951207.210600      4.093    4.247  343.405   15.219
19951207.210800      4.085    4.290  343.920   15.265
19951207.211000      4.078    4.332  344.433   15.312
19951207.211200      4.071    4.374  344.943   15.358
19951207.211400      4.065    4.415  345.451   15.405
19951207.211600      4.058    4.456  345.956   15.452
19951207.211800      4.053    4.496  346.460   15.499
19951207.212000      4.047    4.536  346.961   15.546
19951207.212200      4.042    4.575  347.460   15.593
19951207.212400      4.037    4.613  347.958   15.641
19951207.212600      4.032    4.651  348.453   15.688
19951207.212800      4.028    4.688  348.947   15.736
19951207.213000      4.024    4.724  349.439   15.784
19951207.213200      4.020    4.760  349.930   15.832
19951207.213400      4.017    4.795  350.420   15.880
19951207.213600      4.014    4.829  350.908   15.928
19951207.213800      4.011    4.863  351.396   15.976
19951207.214000      4.009    4.896  351.882   16.024
19951207.214200      4.006    4.928  352.367   16.072
19951207.214400      4.005    4.960  352.852   16.120
19951207.214600      4.003    4.990  353.336   16.169
19951207.214800      4.002    5.020  353.819   16.217
19951207.215000      4.001    5.049  354.303   16.266
19951207.215200      4.001    5.078  354.785   16.314
19951207.215400      4.001    5.105  355.268   16.362
19951207.215600      4.001    5.132  355.751   16.411
19951207.215800      4.002    5.158  356.233   16.459
19951207.220000      4.002    5.183  356.716   16.508
19951207.220200      4.004    5.207  357.199   16.556
19951207.220400      4.005    5.230  357.683   16.604
19951207.220600      4.007    5.253  358.167   16.653
19951207.220800      4.009    5.274  358.652   16.701
19951207.221000      4.012    5.295  359.137   16.749
19951207.221200      4.014    5.315  359.624   16.797
19951207.221400      4.018    5.334    0.112   16.845
19951207.221600      4.021    5.352    0.600   16.893
19951207.221800      4.025    5.370    1.090   16.941
19951207.222000      4.029    5.386    1.581   16.989
19951207.222200      4.033    5.402    2.074   17.037
19951207.222400      4.038    5.416    2.569   17.085
19951207.222600      4.043    5.430    3.065   17.132
19951207.222800      4.048    5.443    3.563   17.180
19951207.223000      4.054    5.455    4.062   17.227
19951207.223200      4.060    5.466    4.564   17.274
19951207.223400      4.066    5.476    5.068   17.321
19951207.223600      4.073    5.486    5.574   17.368
19951207.223800      4.080    5.495    6.082   17.415
19951207.224000      4.087    5.502    6.593   17.461
19951207.224200      4.095    5.509    7.106   17.507
19951207.224400      4.102    5.515    7.622   17.554
19951207.224600      4.110    5.521    8.141   17.600
19951207.224800      4.119    5.525    8.662   17.646
19951207.225000      4.128    5.529    9.186   17.691
19951207.225200      4.137    5.532    9.713   17.737
19951207.225400      4.146    5.534   10.243   17.782
19951207.225600      4.155    5.535   10.776   17.827
19951207.225800      4.165    5.536   11.313   17.872
19951207.230000      4.175    5.536   11.852   17.916
19951207.230200      4.186    5.535   12.395   17.961
19951207.230400      4.196    5.533   12.941   18.005
19951207.230600      4.207    5.531   13.490   18.049
19951207.230800      4.218    5.527   14.043   18.093
19951207.231000      4.230    5.524   14.600   18.136
19951207.231200      4.241    5.519   15.160   18.180
19951207.231400      4.253    5.514   15.723   18.223
19951207.231600      4.266    5.508   16.290   18.265
19951207.231800      4.278    5.502   16.861   18.308
19951207.232000      4.291    5.494   17.436   18.350
19951207.232200      4.304    5.487   18.015   18.392
19951207.232400      4.317    5.478   18.597   18.434
19951207.232600      4.330    5.469   19.183   18.475
19951207.232800      4.344    5.460   19.774   18.517
19951207.233000      4.358    5.450   20.368   18.558
19951207.233200      4.372    5.439   20.966   18.598
19951207.233400      4.387    5.428   21.568   18.639
19951207.233600      4.401    5.416   22.174   18.679
19951207.233800      4.416    5.404   22.784   18.719
19951207.234000      4.431    5.391   23.399   18.759
19951207.234200      4.446    5.378   24.017   18.798
19951207.234400      4.462    5.364   24.639   18.837
19951207.234600      4.478    5.350   25.266   18.876
19951207.234800      4.493    5.336   25.897   18.915
19951207.235000      4.510    5.321   26.531   18.953
19951207.235200      4.526    5.305   27.170   18.991
19951207.235400      4.542    5.289   27.813   19.029
19951207.235600      4.559    5.273   28.460   19.066
19951207.235800      4.576    5.256   29.112   19.103
19951208.000000      4.593    5.239   29.767   19.140
19951208.000200      4.610    5.222   30.427   19.177
19951208.000400      4.628    5.204   31.091   19.213
19951208.000600      4.645    5.186   31.759   19.249
19951208.000800      4.663    5.168   32.431   19.285
19951208.001000      4.681    5.149   33.107   19.320
19951208.001200      4.699    5.130   33.788   19.356
19951208.001400      4.717    5.111   34.472   19.391
19951208.001600      4.736    5.092   35.161   19.425
19951208.001800      4.755    5.072   35.853   19.460
19951208.002000      4.773    5.052   36.550   19.494
19951208.002200      4.792    5.032   37.251   19.528
19951208.002400      4.811    5.011   37.956   19.561
19951208.002600      4.831    4.991   38.665   19.595
19951208.002800      4.850    4.970   39.378   19.628
19951208.003000      4.870    4.949   40.095   19.661
19951208.003200      4.889    4.927   40.817   19.693
19951208.003400      4.909    4.906   41.543   19.725
19951208.003600      4.929    4.884   42.273   19.757
19951208.003800      4.949    4.863   43.008   19.789
19951208.004000      4.969    4.841   43.747   19.820
19951208.004200      4.989    4.819   44.490   19.851
19951208.004400      5.010    4.797   45.238   19.882
19951208.004600      5.030    4.775   45.990   19.912
19951208.004800      5.051    4.753   46.746   19.943
19951208.005000      5.072    4.731   47.506   19.972
19951208.005200      5.092    4.708   48.270   20.002
19951208.005400      5.113    4.686   49.038   20.031
19951208.005600      5.134    4.664   49.811   20.061
19951208.005800      5.155    4.641   50.587   20.089
19951208.010000      5.176    4.619   51.368   20.118
19951208.010200      5.197    4.596   52.152   20.146
19951208.010400      5.219    4.574   52.940   20.174
19951208.010600      5.240    4.551   53.733   20.202
19951208.010800      5.261    4.528   54.529   20.230
19951208.011000      5.283    4.506   55.328   20.257
19951208.011200      5.304    4.483   56.132   20.284
19951208.011400      5.326    4.461   56.939   20.311
19951208.011600      5.348    4.438   57.751   20.337
19951208.011800      5.369    4.415   58.565   20.364
19951208.012000      5.391    4.393   59.383   20.390
19951208.012200      5.413    4.370   60.204   20.415
19951208.012400      5.435    4.347   61.028   20.441
19951208.012600      5.457    4.325   61.856   20.467
19951208.012800      5.479    4.302   62.686   20.492
19951208.013000      5.501    4.279   63.520   20.517
19951208.013200      5.523    4.257   64.356   20.542
19951208.013400      5.545    4.234   65.196   20.566
19951208.013600      5.568    4.211   66.038   20.591
19951208.013800      5.590    4.189   66.884   20.615
19951208.014000      5.613    4.166   67.732   20.639
19951208.014200      5.635    4.144   68.583   20.663
19951208.014400      5.658    4.121   69.437   20.686
19951208.014600      5.680    4.098   70.294   20.710
19951208.014800      5.703    4.076   71.154   20.733
19951208.015000      5.726    4.053   72.017   20.756
19951208.015200      5.749    4.031   72.882   20.779
19951208.015400      5.772    4.008   73.750   20.802
19951208.015600      5.795    3.986   74.621   20.824
19951208.015800      5.818    3.964   75.495   20.847
19951208.020000      5.841    3.941   76.371   20.869
19951208.020200      5.864    3.919   77.250   20.891
19951208.020400      5.887    3.897   78.131   20.913
19951208.020600      5.910    3.875   79.015   20.935
19951208.020800      5.933    3.852   79.902   20.956
19951208.021000      5.957    3.830   80.791   20.977
19951208.021200      5.980    3.808   81.683   20.998
19951208.021400      6.003    3.786   82.577   21.019
19951208.021600      6.027    3.764   83.473   21.040
19951208.021800      6.050    3.743   84.372   21.061
19951208.022000      6.073    3.721   85.274   21.081
19951208.022200      6.097    3.699   86.178   21.102
19951208.022400      6.121    3.677   87.084   21.122
19951208.022600      6.144    3.656   87.992   21.142
19951208.022800      6.168    3.634   88.903   21.162
19951208.023000      6.191    3.613   89.816   21.182
19951208.023200      6.215    3.591   90.732   21.201
19951208.023400      6.239    3.570   91.649   21.221
19951208.023600      6.263    3.549   92.569   21.240
19951208.023800      6.286    3.528   93.491   21.259
19951208.024000      6.310    3.506   94.415   21.278
19951208.024200      6.334    3.485   95.342   21.297
19951208.024400      6.358    3.464   96.270   21.316
19951208.024600      6.382    3.444   97.201   21.334
19951208.024800      6.406    3.423   98.134   21.353
19951208.025000      6.430    3.402   99.068   21.371
19951208.025200      6.454    3.381  100.005   21.389
19951208.025400      6.478    3.361  100.944   21.407
19951208.025600      6.502    3.340  101.885   21.425
19951208.025800      6.526    3.320  102.828   21.443
19951208.030000      6.550    3.299  103.773   21.460
19951208.030200      6.574    3.279  104.720   21.478
19951208.030400      6.598    3.259  105.668   21.495
19951208.030600      6.622    3.239  106.619   21.512
19951208.030800      6.646    3.219  107.571   21.529
19951208.031000      6.671    3.199  108.526   21.546
19951208.031200      6.695    3.179  109.482   21.563
19951208.031400      6.719    3.159  110.440   21.580
19951208.031600      6.743    3.139  111.400   21.596
19951208.031800      6.768    3.120  112.362   21.613
19951208.032000      6.792    3.100  113.325   21.629
19951208.032200      6.816    3.081  114.290   21.646
19951208.032400      6.840    3.061  115.257   21.662
19951208.032600      6.865    3.042  116.226   21.678
19951208.032800      6.889    3.023  117.196   21.694
19951208.033000      6.913    3.004  118.168   21.709
19951208.033200      6.938    2.985  119.142   21.725
19951208.033400      6.962    2.966  120.117   21.741
19951208.033600      6.986    2.947  121.094   21.756
19951208.033800      7.011    2.928  122.073   21.771
19951208.034000      7.035    2.910  123.053   21.787
19951208.034200      7.060    2.891  124.035   21.802
19951208.034400      7.084    2.872  125.019   21.817
19951208.034600      7.109    2.854  126.004   21.832
19951208.034800      7.133    2.836  126.990   21.847
19951208.035000      7.158    2.817  127.978   21.861
19951208.035200      7.182    2.799  128.968   21.876
19951208.035400      7.206    2.781  129.959   21.891
19951208.035600      7.231    2.763  130.951   21.905
19951208.035800      7.255    2.745  131.945   21.919
19951208.040000      7.280    2.727  132.941   21.934
19951208.040200      7.304    2.709  133.938   21.948
19951208.040400      7.329    2.692  134.936   21.962
19951208.040600      7.353    2.674  135.936   21.976
19951208.040800      7.378    2.656  136.937   21.990
19951208.041000      7.403    2.639  137.940   22.003
19951208.041200      7.427    2.622  138.943   22.017
19951208.041400      7.452    2.604  139.949   22.031
19951208.041600      7.476    2.587  140.955   22.044
19951208.041800      7.501    2.570  141.963   22.057
19951208.042000      7.525    2.553  142.972   22.071
19951208.042200      7.550    2.536  143.983   22.084
19951208.042400      7.574    2.519  144.995   22.097
19951208.042600      7.599    2.502  146.008   22.110
19951208.042800      7.623    2.485  147.022   22.123
19951208.043000      7.648    2.469  148.038   22.136
19951208.043200      7.673    2.452  149.055   22.149
19951208.043400      7.697    2.436  150.073   22.162
19951208.043600      7.722    2.419  151.092   22.174
19951208.043800      7.746    2.403  152.113   22.187
19951208.044000      7.771    2.387  153.135   22.199
19951208.044200      7.795    2.370  154.158   22.212
19951208.044400      7.820    2.354  155.182   22.224
19951208.044600      7.845    2.338  156.207   22.236
19951208.044800      7.869    2.322  157.233   22.248
19951208.045000      7.894    2.306  158.261   22.260
19951208.045200      7.918    2.291  159.290   22.272
19951208.045400      7.943    2.275  160.319   22.284
19951208.045600      7.967    2.259  161.350   22.296
19951208.045800      7.992    2.244  162.382   22.308
19951208.050000      8.017    2.228  163.416   22.320
19951208.050200      8.041    2.213  164.450   22.331
19951208.050400      8.066    2.197  165.485   22.343
19951208.050600      8.090    2.182  166.521   22.355
19951208.050800      8.115    2.167  167.559   22.366
19951208.051000      8.139    2.152  168.597   22.377
19951208.051200      8.164    2.137  169.636   22.389
19951208.051400      8.188    2.122  170.677   22.400
19951208.051600      8.213    2.107  171.718   22.411
19951208.051800      8.237    2.092  172.761   22.422
19951208.052000      8.262    2.077  173.804   22.433
19951208.052200      8.287    2.062  174.849   22.444
19951208.052400      8.311    2.048  175.894   22.455
19951208.052600      8.336    2.033  176.941   22.466
19951208.052800      8.360    2.018  177.988   22.477
19951208.053000      8.385    2.004  179.036   22.487
19951208.053200      8.409    1.990  180.085   22.498
19951208.053400      8.434    1.975  181.136   22.509
19951208.053600      8.458    1.961  182.187   22.519
19951208.053800      8.483    1.947  183.239   22.530
19951208.054000      8.507    1.933  184.292   22.540
19951208.054200      8.532    1.919  185.345   22.550
19951208.054400      8.556    1.905  186.400   22.561
19951208.054600      8.581    1.891  187.456   22.571
19951208.054800      8.605    1.877  188.512   22.581
19951208.055000      8.629    1.863  189.569   22.591
19951208.055200      8.654    1.850  190.628   22.601
19951208.055400      8.678    1.836  191.687   22.611
19951208.055600      8.703    1.822  192.746   22.621
19951208.055800      8.727    1.809  193.807   22.631
19951208.060000      8.752    1.795  194.869   22.641
19951208.060200      8.776    1.782  195.931   22.651
19951208.060400      8.800    1.769  196.994   22.660
19951208.060600      8.825    1.755  198.058   22.670
19951208.060800      8.849    1.742  199.123   22.680
19951208.061000      8.874    1.729  200.189   22.689
19951208.061200      8.898    1.716  201.255   22.699
19951208.061400      8.922    1.703  202.322   22.708
19951208.061600      8.947    1.690  203.390   22.718
19951208.061800      8.971    1.677  204.459   22.727
19951208.062000      8.995    1.664  205.528   22.736
19951208.062200      9.020    1.652  206.599   22.745
19951208.062400      9.044    1.639  207.669   22.755
19951208.062600      9.068    1.626  208.741   22.764
19951208.062800      9.093    1.614  209.814   22.773
19951208.063000      9.117    1.601  210.887   22.782
19951208.063200      9.141    1.589  211.961   22.791
19951208.063400      9.166    1.576  213.035   22.800
19951208.063600      9.190    1.564  214.111   22.809
19951208.063800      9.214    1.551  215.187   22.818
19951208.064000      9.238    1.539  216.263   22.827
19951208.064200      9.263    1.527  217.341   22.835
19951208.064400      9.287    1.515  218.419   22.844
19951208.064600      9.311    1.503  219.498   22.853
19951208.064800      9.335    1.491  220.577   22.861
19951208.065000      9.359    1.479  221.657   22.870
19951208.065200      9.384    1.467  222.738   22.878
19951208.065400      9.408    1.455  223.820   22.887
19951208.065600      9.432    1.443  224.902   22.895
19951208.065800      9.456    1.431  225.985   22.904
19951208.070000      9.480    1.420  227.068   22.912
19951208.070200      9.505    1.408  228.152   22.921
19951208.070400      9.529    1.396  229.237   22.929
19951208.070600      9.553    1.385  230.322   22.937
19951208.070800      9.577    1.373  231.408   22.945
19951208.071000      9.601    1.362  232.495   22.953
19951208.071200      9.625    1.350  233.582   22.962
19951208.071400      9.649    1.339  234.670   22.970
19951208.071600      9.673    1.328  235.758   22.978
19951208.071800      9.697    1.317  236.847   22.986
19951208.072000      9.721    1.305  237.937   22.994
19951208.072200      9.746    1.294  239.027   23.002
19951208.072400      9.770    1.283  240.118   23.009
19951208.072600      9.794    1.272  241.209   23.017
19951208.072800      9.818    1.261  242.301   23.025
19951208.073000      9.842    1.250  243.394   23.033
19951208.073200      9.866    1.239  244.487   23.041
19951208.073400      9.890    1.228  245.580   23.048
19951208.073600      9.914    1.218  246.675   23.056
19951208.073800      9.938    1.207  247.769   23.063
19951208.074000      9.961    1.196  248.865   23.071
19951208.074200      9.985    1.185  249.960   23.079
19951208.074400     10.009    1.175  251.057   23.086
19951208.074600     10.033    1.164  252.154   23.094
19951208.074800     10.057    1.154  253.251   23.101
19951208.075000     10.081    1.143  254.349   23.108
19951208.075200     10.105    1.133  255.448   23.116
19951208.075400     10.129    1.122  256.547   23.123
19951208.075600     10.153    1.112  257.646   23.130
19951208.075800     10.177    1.102  258.747   23.138
19951208.080000     10.200    1.091  259.847   23.145
19951208.080200     10.224    1.081  260.948   23.152
19951208.080400     10.248    1.071  262.050   23.159
19951208.080600     10.272    1.061  263.152   23.166
19951208.080800     10.296    1.051  264.255   23.173
19951208.081000     10.319    1.041  265.358   23.180
19951208.081200     10.343    1.031  266.461   23.188
19951208.081400     10.367    1.021  267.565   23.194
19951208.081600     10.391    1.011  268.670   23.201
19951208.081800     10.415    1.001  269.775   23.208
19951208.082000     10.438    0.991  270.880   23.215
19951208.082200     10.462    0.981  271.986   23.222
19951208.082400     10.486    0.972  273.093   23.229
19951208.082600     10.509    0.962  274.200   23.236
19951208.082800     10.533    0.952  275.307   23.243
19951208.083000     10.557    0.943  276.415   23.249
19951208.083200     10.580    0.933  277.523   23.256
19951208.083400     10.604    0.924  278.632   23.263
19951208.083600     10.628    0.914  279.741   23.269
19951208.083800     10.651    0.905  280.851   23.276
19951208.084000     10.675    0.895  281.961   23.283
19951208.084200     10.699    0.886  283.071   23.289
19951208.084400     10.722    0.876  284.182   23.296
19951208.084600     10.746    0.867  285.293   23.302
19951208.084800     10.769    0.858  286.405   23.309
19951208.085000     10.793    0.849  287.517   23.315
19951208.085200     10.816    0.839  288.630   23.322
19951208.085400     10.840    0.830  289.743   23.328
19951208.085600     10.863    0.821  290.856   23.334
19951208.085800     10.887    0.812  291.970   23.341
19951208.090000     10.910    0.803  293.085   23.347
19951208.090200     10.934    0.794  294.199   23.353
19951208.090400     10.957    0.785  295.314   23.359
19951208.090600     10.981    0.776  296.430   23.366
19951208.090800     11.004    0.767  297.546   23.372
19951208.091000     11.028    0.758  298.662   23.378
19951208.091200     11.051    0.749  299.779   23.384
19951208.091400     11.075    0.741  300.896   23.390
19951208.091600     11.098    0.732  302.013   23.396
19951208.091800     11.121    0.723  303.131   23.403
19951208.092000     11.145    0.714  304.249   23.409
19951208.092200     11.168    0.706  305.368   23.415
19951208.092400     11.191    0.697  306.487   23.421
19951208.092600     11.215    0.689  307.606   23.427
19951208.092800     11.238    0.680  308.726   23.433
19951208.093000     11.261    0.671  309.846   23.438
19951208.093200     11.285    0.663  310.967   23.444
19951208.093400     11.308    0.655  312.088   23.450
19951208.093600     11.331    0.646  313.209   23.456
19951208.093800     11.354    0.638  314.330   23.462
19951208.094000     11.378    0.629  315.452   23.468
19951208.094200     11.401    0.621  316.575   23.474
19951208.094400     11.424    0.613  317.697   23.479
19951208.094600     11.447    0.604  318.820   23.485
19951208.094800     11.471    0.596  319.944   23.491
19951208.095000     11.494    0.588  321.067   23.496
19951208.095200     11.517    0.580  322.191   23.502
19951208.095400     11.540    0.572  323.316   23.508
19951208.095600     11.563    0.564  324.440   23.513
19951208.095800     11.586    0.556  325.565   23.519
19951208.100000     11.610    0.548  326.691   23.524
19951208.100200     11.633    0.540  327.817   23.530
19951208.100400     11.656    0.532  328.943   23.536
19951208.100600     11.679    0.524  330.069   23.541
19951208.100800     11.702    0.516  331.196   23.547
19951208.101000     11.725    0.508  332.323   23.552
19951208.101200     11.748    0.500  333.450   23.557
19951208.101400     11.771    0.492  334.578   23.563
19951208.101600     11.794    0.484  335.706   23.568
19951208.101800     11.817    0.477  336.834   23.574
19951208.102000     11.840    0.469  337.963   23.579
19951208.102200     11.863    0.461  339.092   23.584
19951208.102400     11.886    0.453  340.221   23.590
19951208.102600     11.909    0.446  341.350   23.595
19951208.102800     11.932    0.438  342.480   23.600
19951208.103000     11.955    0.431  343.610   23.605
19951208.103200     11.978    0.423  344.741   23.611
19951208.103400     12.001    0.415  345.872   23.616
19951208.103600     12.024    0.408  347.003   23.621
19951208.103800     12.047    0.400  348.134   23.626
19951208.104000     12.070    0.393  349.266   23.631
19951208.104200     12.093    0.386  350.398   23.637
19951208.104400     12.115    0.378  351.530   23.642
19951208.104600     12.138    0.371  352.662   23.647
19951208.104800     12.161    0.363  353.795   23.652
19951208.105000     12.184    0.356  354.928   23.657
19951208.105200     12.207    0.349  356.062   23.662
19951208.105400     12.230    0.342  357.195   23.667
19951208.105600     12.252    0.334  358.329   23.672
19951208.105800     12.275    0.327  359.463   23.677
19951208.110000     12.298    0.320    0.598   23.682
19951208.110200     12.321    0.313    1.733   23.687
19951208.110400     12.343    0.306    2.868   23.692
19951208.110600     12.366    0.299    4.003   23.697
19951208.110800     12.389    0.291    5.139   23.702
19951208.111000     12.412    0.284    6.275   23.706
19951208.111200     12.434    0.277    7.411   23.711
19951208.111400     12.457    0.270    8.547   23.716
19951208.111600     12.480    0.263    9.684   23.721
19951208.111800     12.502    0.256   10.821   23.726
19951208.112000     12.525    0.249   11.958   23.731
19951208.112200     12.548    0.243   13.095   23.735
19951208.112400     12.570    0.236   14.233   23.740
19951208.112600     12.593    0.229   15.371   23.745
19951208.112800     12.615    0.222   16.509   23.750
19951208.113000     12.638    0.215   17.648   23.754
19951208.113200     12.661    0.208   18.786   23.759
19951208.113400     12.683    0.202   19.925   23.764
19951208.113600     12.706    0.195   21.065   23.768
19951208.113800     12.728    0.188   22.204   23.773
19951208.114000     12.751    0.182   23.344   23.777
19951208.114200     12.773    0.175   24.484   23.782
19951208.114400     12.796    0.168   25.624   23.787
19951208.114600     12.818    0.162   26.764   23.791
19951208.114800     12.841    0.155   27.905   23.796
19951208.115000     12.863    0.148   29.046   23.800
19951208.115200     12.886    0.142   30.187   23.805
19951208.115400     12.908    0.135   31.329   23.809
19951208.115600     12.931    0.129   32.470   23.814
19951208.115800     12.953    0.122   33.612   23.818
19951208.120000     12.975    0.116   34.754   23.823
