20040630.210000      6.010  -11.477  261.561    9.715
20040630.210200      5.983  -11.436  262.557    9.724
20040630.210400      5.955  -11.396  263.552    9.732
20040630.210600      5.928  -11.355  264.545    9.741
20040630.210800      5.901  -11.314  265.538    9.750
20040630.211000      5.873  -11.271  266.529    9.759
20040630.211200      5.845  -11.229  267.519    9.768
20040630.211400      5.818  -11.186  268.508    9.777
20040630.211600      5.790  -11.142  269.495    9.786
20040630.211800      5.763  -11.099  270.481    9.796
20040630.212000      5.735  -11.055  271.466    9.805
20040630.212200      5.707  -11.010  272.449    9.815
20040630.212400      5.679  -10.964  273.432    9.824
20040630.212600      5.652  -10.919  274.412    9.834
20040630.212800      5.624  -10.872  275.392    9.844
20040630.213000      5.596  -10.826  276.369    9.854
20040630.213200      5.568  -10.778  277.346    9.864
20040630.213400      5.540  -10.730  278.321    9.874
20040630.213600      5.512  -10.681  279.294    9.884
20040630.213800      5.484  -10.631  280.266    9.894
20040630.214000      5.456  -10.582  281.237    9.905
20040630.214200      5.428  -10.532  282.205    9.915
20040630.214400      5.400  -10.481  283.172    9.926
20040630.214600      5.371  -10.430  284.138    9.936
20040630.214800      5.343  -10.377  285.102    9.947
20040630.215000      5.315  -10.324  286.064    9.958
20040630.215200      5.287  -10.270  287.025    9.969
20040630.215400      5.258  -10.216  287.983    9.980
20040630.215600      5.230  -10.161  288.940    9.992
20040630.215800      5.201  -10.106  289.895   10.003
20040630.220000      5.173  -10.049  290.849   10.015
20040630.220200      5.144   -9.992  291.800   10.026
20040630.220400      5.116   -9.935  292.749   10.038
20040630.220600      5.087   -9.876  293.697   10.050
20040630.220800      5.058   -9.817  294.643   10.062
20040630.221000      5.030   -9.757  295.586   10.074
20040630.221200      5.001   -9.696  296.528   10.086
20040630.221400      4.972   -9.634  297.467   10.099
20040630.221600      4.943   -9.572  298.404   10.111
20040630.221800      4.914   -9.509  299.339   10.124
20040630.222000      4.885   -9.444  300.272   10.137
20040630.222200      4.856   -9.380  301.203   10.150
20040630.222400      4.827   -9.313  302.131   10.163
20040630.222600      4.798   -9.246  303.057   10.177
20040630.222800      4.769   -9.179  303.981   10.190
20040630.223000      4.740   -9.109  304.902   10.204
20040630.223200      4.711   -9.040  305.820   10.218
20040630.223400      4.681   -8.969  306.736   10.232
20040630.223600      4.652   -8.897  307.650   10.246
20040630.223800      4.623   -8.824  308.561   10.260
20040630.224000      4.593   -8.751  309.469   10.275
20040630.224200      4.564   -8.675  310.374   10.289
20040630.224400      4.534   -8.600  311.277   10.304
20040630.224600      4.505   -8.521  312.177   10.319
20040630.224800      4.475   -8.443  313.073   10.335
20040630.225000      4.445   -8.364  313.967   10.350
20040630.225200      4.416   -8.284  314.858   10.366
20040630.225400      4.386   -8.201  315.745   10.382
20040630.225600      4.356   -8.118  316.630   10.398
20040630.225800      4.326   -8.033  317.511   10.414
20040630.230000      4.296   -7.947  318.389   10.431
20040630.230200      4.266   -7.860  319.263   10.447
20040630.230400      4.236   -7.771  320.134   10.465
20040630.230600      4.206   -7.680  321.001   10.482
20040630.230800      4.176   -7.589  321.865   10.499
20040630.231000      4.146   -7.496  322.725   10.517
20040630.231200      4.116   -7.401  323.581   10.535
20040630.231400      4.086   -7.304  324.433   10.553
20040630.231600      4.055   -7.206  325.282   10.572
20040630.231800      4.025   -7.107  326.126   10.591
20040630.232000      3.995   -7.006  326.966   10.610
20040630.232200      3.964   -6.902  327.801   10.629
20040630.232400      3.934   -6.798  328.632   10.649
20040630.232600      3.903   -6.690  329.459   10.669
20040630.232800      3.873   -6.583  330.281   10.689
20040630.233000      3.842   -6.471  331.098   10.710
20040630.233200      3.812   -6.359  331.910   10.730
20040630.233400      3.781   -6.245  332.718   10.752
20040630.233600      3.750   -6.128  333.520   10.773
20040630.233800      3.719   -6.008  334.317   10.795
20040630.234000      3.688   -5.888  335.109   10.818
20040630.234200      3.658   -5.765  335.895   10.840
20040630.234400      3.627   -5.639  336.675   10.863
20040630.234600      3.596   -5.511  337.449   10.887
20040630.234800      3.565   -5.381  338.218   10.911
20040630.235000      3.534   -5.248  338.980   10.935
20040630.235200      3.502   -5.112  339.736   10.959
20040630.235400      3.471   -4.974  340.485   10.985
20040630.235600      3.440   -4.833  341.228   11.010
20040630.235800      3.409   -4.689  341.964   11.036
20040701.000000      3.378   -4.543  342.692   11.063
20040701.000200      3.346   -4.393  343.413   11.090
20040701.000400      3.315   -4.240  344.127   11.117
20040701.000600      3.283   -4.084  344.833   11.145
20040701.000800      3.252   -3.925  345.531   11.174
20040701.001000      3.221   -3.763  346.221   11.203
20040701.001200      3.189   -3.596  346.902   11.233
20040701.001400      3.157   -3.426  347.574   11.263
20040701.001600      3.126   -3.253  348.237   11.294
20040701.001800      3.094   -3.076  348.891   11.325
20040701.002000      3.063   -2.896  349.536   11.357
20040701.002200      3.031   -2.710  350.170   11.390
20040701.002400      2.999   -2.521  350.794   11.423
20040701.002600      2.968   -2.329  351.407   11.458
20040701.002800      2.936   -2.131  352.010   11.493
20040701.003000      2.904   -1.928  352.601   11.528
20040701.003200      2.872   -1.722  353.180   11.565
20040701.003400      2.841   -1.509  353.747   11.602
20040701.003600      2.809   -1.293  354.302   11.640
20040701.003800      2.777   -1.070  354.844   11.679
20040701.004000      2.745   -0.844  355.372   11.719
20040701.004200      2.714   -0.612  355.886   11.760
20040701.004400      2.682   -0.374  356.386   11.801
20040701.004600      2.650   -0.130  356.870   11.844
20040701.004800      2.618    0.120  357.339   11.888
20040701.005000      2.587    0.376  357.792   11.933
20040701.005200      2.555    0.638  358.229   11.979
20040701.005400      2.523    0.907  358.648   12.026
20040701.005600      2.492    1.182  359.048   12.074
20040701.005800      2.460    1.464  359.430   12.124
20040701.010000      2.428    1.754  359.793   12.175
20040701.010200      2.397    2.050    0.135   12.227
20040701.010400      2.366    2.353    0.457   12.281
20040701.010600      2.334    2.665    0.756   12.336
20040701.010800      2.303    2.984    1.033   12.393
20040701.011000      2.272    3.311    1.286   12.451
20040701.011200      2.241    3.647    1.514   12.511
20040701.011400      2.210    3.991    1.718   12.572
20040701.011600      2.179    4.343    1.895   12.635
20040701.011800      2.149    4.703    2.044   12.700
20040701.012000      2.118    5.072    2.166   12.767
20040701.012200      2.088    5.451    2.258   12.836
20040701.012400      2.058    5.838    2.319   12.907
20040701.012600      2.028    6.235    2.348   12.980
20040701.012800      1.998    6.640    2.344   13.056
20040701.013000      1.969    7.055    2.305   13.133
20040701.013200      1.940    7.478    2.230   13.214
20040701.013400      1.911    7.910    2.118   13.296
20040701.013600      1.882    8.352    1.966   13.381
20040701.013800      1.854    8.802    1.774   13.469
20040701.014000      1.826    9.260    1.540   13.560
20040701.014200      1.799    9.727    1.263   13.653
20040701.014400      1.772   10.201    0.940   13.750
20040701.014600      1.745   10.682    0.570   13.850
20040701.014800      1.719   11.170    0.151   13.953
20040701.015000      1.693   11.664  359.683   14.059
20040701.015200      1.668   12.163  359.162   14.169
20040701.015400      1.644   12.665  358.589   14.282
20040701.015600      1.620   13.171  357.960   14.399
20040701.015800      1.597   13.678  357.276   14.520
20040701.020000      1.574   14.185  356.534   14.644
20040701.020200      1.552   14.690  355.733   14.773
20040701.020400      1.531   15.192  354.874   14.905
20040701.020600      1.511   15.687  353.954   15.042
20040701.020800      1.491   16.176  352.974   15.182
20040701.021000      1.473   16.653  351.934   15.326
20040701.021200      1.455   17.119  350.833   15.475
20040701.021400      1.439   17.568  349.674   15.627
20040701.021600      1.423   17.999  348.456   15.783
20040701.021800      1.409   18.410  347.182   15.943
20040701.022000      1.396   18.796  345.853   16.107
20040701.022200      1.384   19.155  344.474   16.274
20040701.022400      1.373   19.483  343.047   16.444
20040701.022600      1.363   19.779  341.575   16.617
20040701.022800      1.355   20.040  340.065   16.793
20040701.023000      1.348   20.263  338.520   16.971
20040701.023200      1.343   20.447  336.947   17.151
20040701.023400      1.338   20.590  335.351   17.333
20040701.023600      1.335   20.689  333.739   17.515
20040701.023800      1.334   20.744  332.117   17.698
20040701.024000      1.334   20.754  330.493   17.882
20040701.024200      1.335   20.722  328.872   18.065
20040701.024400      1.338   20.645  327.263   18.247
20040701.024600      1.342   20.526  325.671   18.428
20040701.024800      1.347   20.365  324.102   18.608
20040701.025000      1.354   20.163  322.562   18.786
20040701.025200      1.362   19.925  321.056   18.961
20040701.025400      1.371   19.649  319.589   19.134
20040701.025600      1.381   19.342  318.166   19.304
20040701.025800      1.393   19.003  316.790   19.471
20040701.030000      1.406   18.637  315.464   19.634
20040701.030200      1.420   18.246  314.193   19.794
20040701.030400      1.434   17.832  312.977   19.950
20040701.030600      1.450   17.400  311.819   20.103
20040701.030800      1.467   16.951  310.719   20.251
20040701.031000      1.485   16.490  309.679   20.395
20040701.031200      1.504   16.017  308.699   20.536
20040701.031400      1.524   15.535  307.778   20.672
20040701.031600      1.544   15.046  306.917   20.805
20040701.031800      1.565   14.552  306.115   20.933
20040701.032000      1.587   14.057  305.371   21.058
20040701.032200      1.609   13.560  304.684   21.179
20040701.032400      1.632   13.064  304.053   21.296
20040701.032600      1.656   12.570  303.475   21.410
20040701.032800      1.680   12.078  302.951   21.520
20040701.033000      1.705   11.591  302.478   21.626
20040701.033200      1.730   11.110  302.055   21.729
20040701.033400      1.756   10.633  301.680   21.829
20040701.033600      1.782   10.163  301.352   21.926
20040701.033800      1.808    9.700  301.069   22.020
20040701.034000      1.835    9.244  300.829   22.111
20040701.034200      1.862    8.797  300.631   22.200
20040701.034400      1.890    8.358  300.473   22.285
20040701.034600      1.917    7.926  300.354   22.368
20040701.034800      1.945    7.503  300.273   22.449
20040701.035000      1.973    7.090  300.227   22.527
20040701.035200      2.002    6.684  300.216   22.603
20040701.035400      2.030    6.288  300.238   22.676
20040701.035600      2.059    5.899  300.292   22.748
20040701.035800      2.088    5.520  300.376   22.817
20040701.040000      2.117    5.148  300.490   22.885
20040701.040200      2.146    4.786  300.632   22.950
20040701.040400      2.176    4.431  300.801   23.014
20040701.040600      2.205    4.084  300.997   23.076
20040701.040800      2.235    3.745  301.217   23.136
20040701.041000      2.264    3.415  301.462   23.195
20040701.041200      2.294    3.092  301.730   23.252
20040701.041400      2.324    2.778  302.020   23.308
20040701.041600      2.354    2.470  302.332   23.362
20040701.041800      2.384    2.169  302.665   23.415
20040701.042000      2.414    1.875  303.017   23.467
20040701.042200      2.444    1.588  303.388   23.517
20040701.042400      2.474    1.308  303.778   23.566
20040701.042600      2.504    1.035  304.186   23.614
20040701.042800      2.534    0.767  304.611   23.661
20040701.043000      2.564    0.506  305.053   23.707
20040701.043200      2.594    0.251  305.510   23.751
20040701.043400      2.625    0.001  305.983   23.795
20040701.043600      2.655   -0.242  306.471   23.837
20040701.043800      2.685   -0.481  306.973   23.879
20040701.044000      2.715   -0.713  307.489   23.919
20040701.044200      2.745   -0.941  308.018   23.959
20040701.044400      2.775   -1.164  308.560   23.998
20040701.044600      2.805   -1.381  309.115    0.036
20040701.044800      2.835   -1.594  309.681    0.074
20040701.045000      2.865   -1.803  310.260    0.110
20040701.045200      2.896   -2.007  310.849    0.146
20040701.045400      2.926   -2.206  311.450    0.181
20040701.045600      2.956   -2.401  312.061    0.215
20040701.045800      2.986   -2.591  312.683    0.249
20040701.050000      3.015   -2.779  313.314    0.282
20040701.050200      3.045   -2.962  313.955    0.314
20040701.050400      3.075   -3.141  314.605    0.346
20040701.050600      3.105   -3.317  315.265    0.377
20040701.050800      3.135   -3.489  315.933    0.407
20040701.051000      3.165   -3.658  316.609    0.437
20040701.051200      3.194   -3.823  317.294    0.467
20040701.051400      3.224   -3.985  317.987    0.496
20040701.051600      3.254   -4.144  318.688    0.524
20040701.051800      3.283   -4.299  319.396    0.552
20040701.052000      3.313   -4.452  320.112    0.579
20040701.052200      3.342   -4.602  320.835    0.606
20040701.052400      3.372   -4.749  321.564    0.633
20040701.052600      3.401   -4.892  322.301    0.658
20040701.052800      3.430   -5.033  323.044    0.684
20040701.053000      3.460   -5.173  323.793    0.709
20040701.053200      3.489   -5.309  324.549    0.734
20040701.053400      3.518   -5.443  325.311    0.758
20040701.053600      3.547   -5.574  326.078    0.782
20040701.053800      3.576   -5.702  326.851    0.806
20040701.054000      3.605   -5.828  327.630    0.829
20040701.054200      3.634   -5.953  328.415    0.851
20040701.054400      3.663   -6.076  329.204    0.874
20040701.054600      3.692   -6.196  329.999    0.896
20040701.054800      3.721   -6.313  330.799    0.918
20040701.055000      3.750   -6.430  331.604    0.939
20040701.055200      3.779   -6.543  332.413    0.960
20040701.055400      3.807   -6.655  333.228    0.981
20040701.055600      3.836   -6.765  334.046    1.001
20040701.055800      3.865   -6.874  334.870    1.022
20040701.060000      3.893   -6.980  335.697    1.042
20040701.060200      3.922   -7.084  336.529    1.061
20040701.060400      3.950   -7.188  337.365    1.080
20040701.060600      3.978   -7.288  338.205    1.100
20040701.060800      4.007   -7.388  339.049    1.118
20040701.061000      4.035   -7.486  339.897    1.137
20040701.061200      4.063   -7.583  340.749    1.155
20040701.061400      4.091   -7.678  341.604    1.173
20040701.061600      4.119   -7.772  342.464    1.191
20040701.061800      4.148   -7.864  343.326    1.209
20040701.062000      4.176   -7.954  344.192    1.226
20040701.062200      4.203   -8.044  345.062    1.243
20040701.062400      4.231   -8.132  345.934    1.260
20040701.062600      4.259   -8.219  346.810    1.277
20040701.062800      4.287   -8.304  347.689    1.293
20040701.063000      4.315   -8.388  348.572    1.309
20040701.063200      4.342   -8.471  349.457    1.325
20040701.063400      4.370   -8.552  350.345    1.341
20040701.063600      4.398   -8.632  351.237    1.357
20040701.063800      4.425   -8.713  352.131    1.372
20040701.064000      4.453   -8.791  353.027    1.387
20040701.064200      4.480   -8.868  353.927    1.403
20040701.064400      4.508   -8.943  354.829    1.418
20040701.064600      4.535   -9.019  355.734    1.432
20040701.064800      4.562   -9.092  356.642    1.447
20040701.065000      4.589   -9.165  357.552    1.461
20040701.065200      4.617   -9.237  358.465    1.475
20040701.065400      4.644   -9.309  359.380    1.489
20040701.065600      4.671   -9.378    0.297    1.503
20040701.065800      4.698   -9.448    1.217    1.517
20040701.070000      4.725   -9.516    2.139    1.531
20040701.070200      4.752   -9.583    3.063    1.544
20040701.070400      4.779   -9.649    3.990    1.557
20040701.070600      4.806   -9.714    4.918    1.571
20040701.070800      4.832   -9.779    5.849    1.584
20040701.071000      4.859   -9.843    6.782    1.597
20040701.071200      4.886   -9.907    7.717    1.609
20040701.071400      4.912   -9.969    8.654    1.622
20040701.071600      4.939  -10.030    9.593    1.634
20040701.071800      4.966  -10.090   10.534    1.647
20040701.072000      4.992  -10.150   11.477    1.659
20040701.072200      5.019  -10.210   12.422    1.671
20040701.072400      5.045  -10.268   13.369    1.683
20040701.072600      5.071  -10.325   14.317    1.695
20040701.072800      5.098  -10.382   15.268    1.706
20040701.073000      5.124  -10.439   16.220    1.718
20040701.073200      5.150  -10.495   17.173    1.730
20040701.073400      5.176  -10.550   18.129    1.741
20040701.073600      5.202  -10.603   19.086    1.752
20040701.073800      5.229  -10.658   20.045    1.763
20040701.074000      5.255  -10.710   21.005    1.774
20040701.074200      5.281  -10.764   21.967    1.785
20040701.074400      5.307  -10.815   22.931    1.796
20040701.074600      5.332  -10.867   23.896    1.807
20040701.074800      5.358  -10.917   24.863    1.817
20040701.075000      5.384  -10.968   25.831    1.828
20040701.075200      5.410  -11.016   26.800    1.838
20040701.075400      5.436  -11.066   27.771    1.849
20040701.075600      5.461  -11.115   28.744    1.859
20040701.075800      5.487  -11.162   29.718    1.869
20040701.080000      5.513  -11.209   30.693    1.879
20040701.080200      5.538  -11.257   31.670    1.889
20040701.080400      5.564  -11.303   32.648    1.899
20040701.080600      5.589  -11.349   33.627    1.909
20040701.080800      5.615  -11.394   34.608    1.918
20040701.081000      5.640  -11.438   35.589    1.928
20040701.081200      5.665  -11.483   36.573    1.938
20040701.081400      5.691  -11.527   37.557    1.947
20040701.081600      5.716  -11.571   38.543    1.956
20040701.081800      5.741  -11.613   39.529    1.966
20040701.082000      5.766  -11.657   40.517    1.975
20040701.082200      5.792  -11.698   41.507    1.984
20040701.082400      5.817  -11.740   42.497    1.993
20040701.082600      5.842  -11.782   43.488    2.002
20040701.082800      5.867  -11.823   44.481    2.011
20040701.083000      5.892  -11.863   45.475    2.020
20040701.083200      5.917  -11.903   46.469    2.028
20040701.083400      5.942  -11.943   47.465    2.037
20040701.083600      5.967  -11.981   48.462    2.046
20040701.083800      5.991  -12.020   49.460    2.054
20040701.084000      6.016  -12.059   50.459    2.063
20040701.084200      6.041  -12.098   51.459    2.071
20040701.084400      6.066  -12.135   52.460    2.079
20040701.084600      6.090  -12.173   53.462    2.088
20040701.084800      6.115  -12.209   54.465    2.096
20040701.085000      6.140  -12.245   55.469    2.104
20040701.085200      6.164  -12.282   56.474    2.112
20040701.085400      6.189  -12.318   57.480    2.120
20040701.085600      6.213  -12.354   58.487    2.128
20040701.085800      6.238  -12.389   59.494    2.136
20040701.090000      6.262  -12.424   60.503    2.144
